13910028704
13910071537
13810117097
13501058875
18600985996
13488751647
18612570965
13811092137
15117981132
13916906789
13717569905
18515189374
13911752029
18669899557
15801012733
18612557268
13910402775
13693576357
18515458966
18636993603
13918323838
18611091182
15810506952
18911096037
18611550175
13520065363
18611413285
18650816609
13911529597
13552863324
15201157556
13910620455
17777872052
13311178926
15757105259
15711286200
13636546970
18311079532
18002236819
18922702261
13925191308
13501501813
13760698136
15521326052
13560361258
13450377281
13760856082
13751875472
13926052016
13430214501
18631655220
13450354202
13560298889
15902031180
13824478263
18666507829
18509265358
13580402950
15913149892
13533103130
13763349823
13570913941
15521043007
13910962236
18927569320
13826023147
13560055465
18924883168
13450374750
13560459656
13601052782
13974521236
18654214785
13402158965
13764025874
13647896545
13465213256
13916859927
18616232698
15201634956
15757132592
18518397158
18817842526
18601733519
13611692403
13581683397
13916013612
18510068283
18317096923
13818117013
18121280015
13818913020
13256125802
13917002423
18801921458
18705929630
18019231389
13817999778
13818867480
18516260712
13818849196
13916600604
13816958131
15921911138
13701794879
18019787844
13758135679
18817572279
13558789118
13801608160
18621810616
13916063337
18621514319
18616253939
18701801526
13671659942
13818496858
18217008847
15618584129
13601052782
13816543624
13601953291
13003888840
13621933649
13621852564
15280886166
15801743411
18686602922
13916302176
18621005370
13661591000
13807935164
15221748685
18630097155
18506825376
15821461626
13585576314
18221428552
18930451981
13870618393
18817634332
18516340076
13761432178
13816277137
18611766692
18621996873
13472502615
15618599232
13472573579
13817578800
13651955520
13581658226
13585956950
13917070310
17717451805
13816526637
13269569933
13818619308
13601833652
13918257113
18502153326
13818619308
15201577743
13321999376
18616350369
15202055165
18616805939
13501653911
15026850771
18565091213
18516698908
13248259508
13560007795
18695605662
15521271217
18516024148
13581836464
18910058593
13810070959
15800613851
13611703246
13661869410
18616873345
18573076868
13761273352
18601094401
13764420331
13714319915
13544106217
15221651045
13760726630
18818061793
13482278843
13524045418
15026766091
18814131991
13641776252
13611964256
18923949852
18588207509
13823705868
13823708588
13798541244
15818612758
13751165596
13501065924
13537770606
13488751647
13810930113
18922317312
13601706624
18666825205
13917962270
13253638122